[[6.34844869e-01 0.00000000e+00 3.62768496e-01 2.38663484e-03
  0.00000000e+00 0.00000000e+00]
 [0.00000000e+00 0.00000000e+00 0.00000000e+00 0.00000000e+00
  0.00000000e+00 0.00000000e+00]
 [4.37636761e-04 0.00000000e+00 1.63238512e-01 0.00000000e+00
  0.00000000e+00 8.36323851e-01]
 [7.11649974e-02 0.00000000e+00 9.27253558e-01 1.58144439e-03
  0.00000000e+00 0.00000000e+00]
 [1.00000000e+00 0.00000000e+00 0.00000000e+00 0.00000000e+00
  0.00000000e+00 0.00000000e+00]
 [0.00000000e+00 0.00000000e+00 0.00000000e+00 9.91104134e-01
  8.89586604e-03 0.00000000e+00]]