27.0
14.5
14.5
12.0
24.0
6.5
27.0
14.5
14.5
12.0
12.5
12.0
24.0
24.0
27.0
27.0
27.0
27.0
24.0
14.5
24.0
14.5
12.5
24.0
27.5
27.0
27.0
24.0
24.0
24.0
12.0
24.0
24.0
12.0
27.0
12.0
27.0
27.0
24.0
14.5
24.0
27.0
14.5
14.5
24.5
27.0
12.0
14.5
27.0
27.0
24.0
14.5
12.0
27.0
24.0
14.5
14.5
14.5
12.0
27.0
6.5
27.0
27.0
14.5
6.5
14.0
24.0
24.5
27.0
14.0
24.0
24.0
27.0
27.0
27.0
6.5
14.0
24.0
24.0
24.0
12.0
24.0
14.0
27.0
27.0
12.0
6.5
24.0
27.0
14.0
24.0
14.0
14.0
27.5
12.0
27.0
6.5
6.5
14.5
7.0
25.0
13.5
13.5
12.0
23.0
6.5
25.0
13.5
13.5
12.0
12.5
12.0
23.0
23.0
25.0
25.0
25.0
25.0
23.0
13.5
23.0
13.5
12.5
23.0
25.5
25.0
25.0
23.0
23.0
23.0
12.0
23.0
23.0
12.0
25.0
12.0
25.0
25.0
23.0
13.5
23.0
25.0
13.5
13.5
25.0
12.0
13.5
25.0
25.0
23.0
13.5
12.0
25.0
23.0
13.5
13.5
13.5
12.0
25.0
6.5
25.0
25.0
13.5
6.5
13.0
23.0
25.0
13.0
23.0
23.0
25.0
25.0
25.0
6.5
13.0
23.0
23.0
23.0
12.0
23.0
13.0
25.0
25.5
12.0
6.5
23.0
13.0
23.0
13.0
25.5
12.0
25.5
6.5
6.5
13.5
7.0
24.5
13.5
13.5
12.0
23.0
6.5
24.5
13.5
13.5
12.0
12.5
12.0
23.0
23.0
24.5
24.5
24.5
24.5
23.0
13.5
23.0
13.5
12.5
23.0
25.0
24.5
24.5
23.0
23.0
23.0
12.0
23.0
23.0
12.0
24.5
12.0
24.5
24.5
23.0
13.5
23.0
24.5
13.5
13.5
24.5
12.0
13.5
24.5
24.5
23.0
13.5
12.0
24.5
23.0
13.5
13.5
13.5
12.0
24.5
6.5
24.5
24.5
13.5
6.5
13.0
23.0
24.5
13.0
23.0
23.0
24.5
24.5
24.5
6.5
13.0
23.0
23.0
23.0
12.0
23.0
13.0
24.5
12.0
6.5
23.0
13.0
23.0
13.0
25.0
12.0
25.0
6.5
6.5
13.5
7.0
