 -13.855984413229113 5.953025002346708e-05 0 
-13.861414105939065 1.6877499789657713e-06 1 
-13.856322657617655 5.953025002346708e-05 0 
-13.861634716487362 1.656592035538845e-06 1 
-13.842252563273941 5.8674829011570486e-05 0 
-13.86164647009129 1.6484314354759414e-06 1 
-13.843367000457487 5.8674829011570486e-05 0 
-13.861521920618767 1.5976007844713798e-06 1 
-13.856376815083326 5.953025002346708e-05 0 
-13.837996783935758 5.8674829011570486e-05 0 
-13.86138510288593 1.4750252935859963e-06 1 
-13.85428830918202 5.953025002346708e-05 0 
-13.861416551083003 1.4511644297740827e-06 1 
-13.856620244661991 5.953025002346708e-05 0 
-13.85468676748204 5.953025002346708e-05 0 
-13.861719126903264 1.3358995264063687e-06 1 
-13.856033158369808 5.953025002346708e-05 0 
-13.861749982715855 1.3178844423376568e-06 1 
-13.85637326786145 5.953025002346708e-05 0 
-13.855119805792539 5.953025002346708e-05 0 
-13.856392921883181 5.953025002346708e-05 0 
-13.855944639452403 5.953025002346708e-05 0 
-13.8407285241304 5.8674829011570486e-05 0 
-13.847525557320314 5.8674829011570486e-05 0 
-13.85477598146743 5.953025002346708e-05 0  
-13.8535402548833 5.8674829011570486e-05 0 
-13.861450001148304 1.147938910220475e-06 1 
-13.84231921974549 5.8674829011570486e-05 0 
-13.850143382532107 5.8674829011570486e-05 0 
-13.86154351543942 1.03588887526477e-06 1 
-13.852125396389459 5.8674829011570486e-05 0 
-13.849556749463979 5.8674829011570486e-05 0 
-13.856539347577254 5.953025002346708e-05 0  
-13.85620834897564 5.953025002346708e-05 0 
-13.861266852852927 8.428480050719923e-07 1 
-13.861660839882516 8.377292440923704e-07 1 
-13.856572179502736 5.953025002346708e-05 0 
-13.853432209156312 5.6248753889370216e-05 0 
-13.856616700562888 5.953025002346708e-05 0 
-13.861296466413 1.3671775678127568e-06 1 
-13.853067660303592 5.6248753889370216e-05 0  
-13.854826640480733 5.6248753889370216e-05 0 
-13.861470603231577 1.1785295460370361e-06 1 
-13.861497907353247 1.1801929598595402e-06 1 
-13.855639501998855 5.6248753889370216e-05 0 
-13.861615761780893 1.1417645697411582e-06 1 
-13.86171564052997 1.139211733747796e-06 1 
-13.861694459111018 1.1342882195186478e-06 1 
-13.851960566572906 5.6248753889370216e-05 0 
-13.861392217450232 1.0040931965242773e-06 1 
-13.855877353890433 5.953025002346708e-05 0 
-13.856548484312185 5.953025002346708e-05 0 
-13.85294921961263 5.6248753889370216e-05 0 
-13.861455652565276 9.565140450332216e-07 1 
-13.861441617131337 9.336884964830934e-07 1 
-13.856311821537048 5.953025002346708e-05 0 
-13.854635392709195 5.6248753889370216e-05 0 
-13.856203463709644 5.953025002346708e-05 0 
-13.861424923037136 8.374573010257729e-07 1 
-13.861282969038713 8.174717143777189e-07 1 
-13.861642742556437 8.097186205924048e-07 1 
-13.85257995566104 5.6248753889370216e-05 0 
-13.861269550742145 8.166066228360587e-07 1 
-13.861601423415436 8.140730468326789e-07 1 
-13.853312034295506 5.6248753889370216e-05 0  
-13.85477845493908 5.6248753889370216e-05 0  
-13.856566347005849 5.953025002346708e-05 0 
-13.854839741829629 5.6248753889370216e-05 0 
-13.861487185639056 6.478974108864965e-07 1 
-13.861684278892788 6.478974108864965e-07 1 
-13.85661357600809 5.953025002346708e-05 0 
-13.861637290048346 6.430172640868211e-07 1 
-13.857225296588643 1.5328509876415882e-05 0 
-13.843057685892589 1.4873750265545605e-05 0 
-13.849389180331652 6.041072935538304e-05 0 
-13.856416675292618 6.131737080226213e-05 0 
-13.855877203452904 6.131737080226213e-05 0 
-13.861389381742802 1.948966704988035e-06 1 
-13.86157505036088 2.058382053010767e-06 1 
-13.861538477960869 2.0312180811392365e-06 1 
-13.856626401748636 6.131737080226213e-05 0 
-13.856299032646 6.131737080226213e-05 0 
-13.85144955598632 6.041072935538304e-05 0 
-13.856337165945849 6.131737080226213e-05 0 
-13.856037049496386 6.131737080226213e-05 0 
-13.248482754675528 5.666284342133913e-05 0 
-13.855926310877301 6.131737080226213e-05 0 
-13.849128052134269 6.041072935538304e-05 0 
-13.84924264224309 6.041072935538304e-05 0 
-13.861782832004835 1.4413226868258736e-06 1 
-13.861406458094768 1.3754187402771585e-06 1 
-13.855778339514401 6.131737080226213e-05 0 
-13.851390245856482 6.041072935538304e-05 0 
-13.851566312383165 6.041072935538304e-05 0 
-13.856450751608744 6.131737080226213e-05 0 
-13.852003445300578 6.041072935538304e-05 0 
-13.861556737280715 1.2037682469868692e-06 1 
-13.861781623420741 1.2432489192408673e-06 1 
-13.850836153319063 6.041072935538304e-05 0 
-13.861220448092139 1.1800140825988214e-06 1 
-13.856597412151048 6.131737080226213e-05 0 
-13.861511203595287 1.1616749595004903e-06 1 
-13.85145591467273 6.041072935538304e-05 0 
-13.861573191205382 1.1811777496619822e-06 1 
-13.861244434314072 1.1352102996627456e-06 1 
-13.856616359894144 6.131737080226213e-05 0  
-13.856258977125666 6.131737080226213e-05 0 
-13.852265490288834 6.041072935538304e-05 0 
-13.852509363910693 6.041072935538304e-05 0 
-13.817763309711118 9.446665888840482e-06 1 
-13.861641125046193 2.43469273843976e-06 1 
-13.855576370661977 6.628636999409681e-05 0 
-13.86124849212579 2.1106141176921496e-06 1 
-13.861552659402172 2.3244406032437055e-06 1 
-13.856008498474965 6.628636999409681e-05 0 
-13.85593022100632 6.737706390703322e-05 0 
-13.861358350594466 2.009829547057572e-06 1 
-13.861689355583453 2.210048972248709e-06 1 
-13.856096907915896 6.737706390703322e-05 0 
-13.861503894160125 1.918221849378628e-06 1 
-13.861353623029382 1.8859836159818564e-06 1 
-13.856044215168797 6.628636999409681e-05 0 
-13.861565702804146 1.844646391467233e-06 1 
-13.86162387145329 1.814812323167394e-06 1 
-13.85641549595683 6.628636999409681e-05 0 
-13.856357407624042 6.628636999409681e-05 0 
-13.86146019433437 1.9571649835190137e-06 1 
-13.85637427768284 6.737706390703322e-05 0 
-13.856115727763068 6.628636999409681e-05 0 
-13.861599623595843 1.7648024520797562e-06 1 
-13.861153207718443 1.7476241348842942e-06 1 
-13.856246544731286 6.628636999409681e-05 0 
-13.861634128813916 1.5549106561537871e-06 1 
-13.86156590007127 1.6980374125364e-06 1 
-13.853948760894232 6.628636999409681e-05 0  
-13.855606745584943 6.628636999409681e-05 0 
-13.853619301089436 6.628636999409681e-05 0  
-13.85425193500233 6.628636999409681e-05 0 
-13.853745678676121 6.628636999409681e-05 0 
-13.856431819962381 6.737706390703322e-05 0 
-13.856448352862783 6.737706390703322e-05 0 
-13.861396696497847 8.725254926940936e-07 1 
-13.856465724112343 6.737706390703322e-05 0 
-13.861663908052199 8.041662603383277e-07 1 
-13.861482579357908 8.003397781925904e-07 1 
-13.857126332030527 1.1032001429951903e-05 1 
-13.861571704461237 1.4433812838699244e-06 1 
-13.853637688406923 5.8674829011570486e-05 0 
-13.86170412975833 1.4130653390681413e-06 1 
-13.85445285720289 6.041072935538304e-05 0 
-13.851117566944442 5.8674829011570486e-05 0 
-13.854062171731986 6.041072935538304e-05 0 
-13.861758956392357 1.3526425249978998e-06 1 
-13.855531036677402 6.041072935538304e-05 0 
-13.861464097248934 1.3398466377378423e-06 1 
-13.854846617787963 6.041072935538304e-05 0 
-13.856607692852167 6.041072935538304e-05 0 
-13.853453886549243 5.8674829011570486e-05 0 
-13.86135836379484 1.2622292509896792e-06 1 
-13.861728939900523 1.2455770367366266e-06 1 
-13.849645648958287 5.8674829011570486e-05 0 
-13.86132394877285 1.2135561396245508e-06 1 
-13.861677944507443 1.1238517870817377e-06 1 
-13.854748844791306 6.041072935538304e-05 0 
-13.861423375446538 1.1008572454841072e-06 1 
-13.855672495897204 6.041072935538304e-05 0 
-13.855950763544783 6.041072935538304e-05 0 
-13.86168640913283 1.0575788405151556e-06 1 
-13.861627890043055 1.0452508515123998e-06 1 
-13.856520658855771 6.041072935538304e-05 0 
-13.861597999620693 1.0371905655622376e-06 1 
-13.852883020313948 5.8674829011570486e-05 0  
-13.852566765609938 5.8674829011570486e-05 0 
-13.8616554049691 1.0137360360046705e-06 1 
-13.854189869117375 5.8674829011570486e-05 0 
-13.852807966241308 5.8674829011570486e-05 0 
-13.852709401980867 5.8674829011570486e-05 0 
-13.856441259589467 6.041072935538304e-05 0  
-13.85655013028178 6.041072935538304e-05 0 
-13.852237490441551 5.8674829011570486e-05 0 
-13.855952038910111 1.7797438232240317e-05 0  
-13.84698138596267 1.3521388271029172e-05 0 
-13.861478882829283 2.1386202521351394e-06 1 
-13.854187432744173 6.522996514006831e-05 0 
-13.861466519204809 2.07479500047673e-06 1 
-13.86175823390619 2.087253810139115e-06 1 
-13.853046856225623 6.522996514006831e-05 0 
-13.861381379154183 1.9042782528408136e-06 1 
-13.854162987665523 6.522996514006831e-05 0 
-13.861654844907894 1.925378111139094e-06 1 
-13.856204773628749 6.966802547823229e-05 0 
-13.856393269717906 6.966802547823229e-05 0 
-13.85415043093177 6.522996514006831e-05 0 
-13.856471366333054 6.966802547823229e-05 0 
-13.861345093141104 1.7867838642736047e-06 1 
-13.861373727384265 1.7333068557452977e-06 1 
-13.861376402636576 1.7077501427340377e-06 1 
-13.855732344420487 6.966802547823229e-05 0  
-13.853931608670125 6.522996514006831e-05 0 
-13.854514396583223 6.966802547823229e-05 0 
-13.861396241265584 1.4040721211069252e-06 1 
-13.861773085356791 1.4155147558620287e-06 1 
-13.855709491731604 6.966802547823229e-05 0 
-13.853654611607473 6.522996514006831e-05 0 
-13.861563324889648 1.3547882531174148e-06 1 
-13.856503553521527 6.966802547823229e-05 0  
-13.854332834046424 6.966802547823229e-05 0  
-13.856461294273853 6.966802547823229e-05 0 
-13.853410253245595 6.522996514006831e-05 0 
-13.851845134999568 6.522996514006831e-05 0 
-13.85426525702724 6.522996514006831e-05 0 
-13.85144598261373 6.522996514006831e-05 0  
-13.851088415835166 6.522996514006831e-05 0 
-13.857126866666418 1.2843680245929767e-05 1 
-13.85401262745932 6.522996514006831e-05 0 
-13.854078347932568 6.522996514006831e-05 0 
-13.861696971867953 1.880148292331535e-06 1 
-13.861402300058966 1.8472609622214978e-06 1 
-13.861768682699017 1.974470457803015e-06 1 
-13.855131062340249 6.420629146461759e-05 0 
-13.855803715345655 6.420629146461759e-05 0 
-13.86168936881872 1.7649301637562747e-06 1 
-13.861391611046342 1.745480418323914e-06 1 
-13.8544490622085 6.522996514006831e-05 0 
-13.855693997900632 6.522996514006831e-05 0 
-13.855660260190636 6.420629146461759e-05 0  
-13.853715830457094 6.420629146461759e-05 0 
-13.855311794315314 6.522996514006831e-05 0  
-13.85656983098578 6.522996514006831e-05 0  
-13.85575187244315 6.420629146461759e-05 0 
-13.854889924951854 6.420629146461759e-05 0 
-13.861604212321685 1.2000184313319653e-06 1 
-13.861339094666286 1.061132732415328e-06 1 
-13.861673185662973 1.1276239048521161e-06 1 
-13.855991398545543 6.420629146461759e-05 0 
-13.861735036270492 1.1163986548742759e-06 1 
-13.86175913475819 1.1090384602529239e-06 1 
-13.855562067254725 6.420629146461759e-05 0  
-13.855631392100461 6.522996514006831e-05 0  
-13.853651627512098 6.420629146461759e-05 0 
-13.855492134035943 6.522996514006831e-05 0 
-13.861769648965957 9.274583066757013e-07 1 
-13.856552445207935 6.522996514006831e-05 0  
-13.85526783094708 6.420629146461759e-05 0  
-13.855410042233034 6.522996514006831e-05 0 
-13.86157167977397 8.89190859832995e-07 1 
-13.85657953306447 6.522996514006831e-05 0 
-13.856362776576715 6.522996514006831e-05 0 
-13.861572790135234 7.733803217982336e-07 1 
-13.861698891281502 8.218481242408277e-07 1 
-13.809452628727511 1.024959742494618e-05 1 
-13.855537965739197 8.352313029845493e-05 0 
-13.856233821607336 7.607439768966117e-05 0 
-13.85619552898202 7.607439768966117e-05 0  
-13.854385745775007 8.352313029845493e-05 0 
-13.854221740633415 8.352313029845493e-05 0 
-13.854189101566964 8.352313029845493e-05 0 
-13.855846237065814 8.352313029845493e-05 0 
-13.853682649856294 8.352313029845493e-05 0  
-13.856284083633735 8.352313029845493e-05 0 
-13.856268953023779 7.607439768966117e-05 0 
-13.861747789177363 2.0841284922784325e-06 1 
-13.86140442653244 1.920395602631461e-06 1 
-13.855987933986228 7.607439768966117e-05 0 
-13.856046878144614 7.607439768966117e-05 0 
-13.854161430623256 8.352313029845493e-05 0 
-13.861621007292129 1.9829111504643076e-06 1 
-13.85495433558833 8.352313029845493e-05 0 
-13.861532677899252 1.815267812795452e-06 1 
-13.861418956462463 1.9234626053209303e-06 1 
-13.853893393689445 8.352313029845493e-05 0 
-13.853704743482387 8.352313029845493e-05 0  
-13.85441227996602 8.352313029845493e-05 0 
-13.85607700071928 7.607439768966117e-05 0 
-13.85627890392361 8.352313029845493e-05 0  
-13.853958388206502 8.352313029845493e-05 0 
-13.856244410507932 8.352313029845493e-05 0 
-13.861599859892925 1.4298597048521982e-06 1 
-13.86179230095342 1.4157683267526154e-06 1 
-13.861714481757982 1.50455169062686e-06 1 
-13.861152607628142 1.4995268733994897e-06 1 
-13.856356256403261 7.607439768966117e-05 0   
-13.856196561116601 7.607439768966117e-05 0  
-13.85639176813205 7.607439768966117e-05 0  
-13.856391075966217 7.607439768966117e-05 0 
-13.855895007339253 6.909165467372748e-05 0 
-13.856507442098595 1.3222948854236098e-05 1 
-13.861489660471145 2.1275461468866515e-06 1 
-13.861593567544064 2.1020254890811796e-06 1 
-13.85286190732803 6.472793982852729e-05 0 
-13.85595129070867 6.909165467372748e-05 0 
-13.861520672769899 2.029005284040522e-06 1 
-13.861651738653839 2.0057783989439455e-06 1 
-13.82966680010514 1.0923790781323761e-05 1 
-13.861475225293098 1.9981084114855435e-06 1 
-13.861414717871927 1.928506457071063e-06 1 
-13.861423228139826 1.9075092840878832e-06 1 
-13.861521879121653 1.8971810546479602e-06 1 
-13.861393777860746 1.8869189034555906e-06 1 
-13.855976215042093 6.909165467372748e-05 0 
-13.856520994631719 6.909165467372748e-05 0 
-13.861440930422214 1.8064889964668048e-06 1 
-13.861419028505534 1.754660040489745e-06 1 
-13.854205773027852 6.472793982852729e-05 0 
-13.861431066522147 1.7201969042574127e-06 1 
-13.861479069572642 1.7034676586207317e-06 1 
-13.861734978057337 1.7238191761153513e-06 1 
-13.853608122927831 6.472793982852729e-05 0 
-13.854249724629994 6.472793982852729e-05 0 
-13.856253947715196 6.909165467372748e-05 0 
-13.861629401476431 1.6483787746530508e-06 1 
-13.861569435023178 1.6169738457466807e-06 1 
-13.861655181883835 1.587658304365356e-06 1 
-13.861577090285936 1.6016468468312309e-06 1 
-13.86137518362135 1.586652419651127e-06 1 
-13.861428038088743 1.5593861130261851e-06 1 
-13.856008179658476 6.909165467372748e-05 0 
-13.854614988210722 6.472793982852729e-05 0 
-13.861683539545092 1.5188155118661992e-06 1 
-13.861484827575762 1.499311213052042e-06 1 
-13.86150183593486 1.4803012095205232e-06 1 
-13.861730130190985 1.4678932863717358e-06 1 
-13.854559515982974 6.472793982852729e-05 0 
-13.854929775867806 6.472793982852729e-05 0 
-13.861556684762194 1.4633473539404609e-06 1 
-13.861328855733767 1.4202730954781758e-06 1 
-13.86151606516685 1.4202730954781758e-06 1 
-13.861089420769375 1.432423299572667e-06 1 
-13.86146538756706 1.386536395914695e-06 1 
-13.861744307481278 1.4027784728658989e-06 1 
-13.854262619914811 6.472793982852729e-05 0 
-13.861307909994027 1.36492136079185e-06 1 
-13.861589595291216 1.3799312137424034e-06 1 
-13.856492271567046 6.909165467372748e-05 0 
-13.861325623370544 1.3337329619741384e-06 1 
-13.854814574570522 6.472793982852729e-05 0 
-13.861439702488346 1.3137202991921904e-06 1 
-13.861670746362098 1.320772376952108e-06 1 
-13.86164734001378 1.2942990793392263e-06 1 
-13.861286114970799 1.3055078875443406e-06 1 
-13.861437504465023 1.2754434779043559e-06 1 
-13.861422510813247 1.2808359706354697e-06 1 
-13.861577749944914 1.2808359706354697e-06 1 
-13.861597936318475 1.2571291509661979e-06 1 
-13.861640067616268 1.2481677375492188e-06 1 
-13.861592972031438 1.2437347522382504e-06 1 
-13.85386145445064 6.472793982852729e-05 0 
-13.861513968478073 1.2478208722122532e-06 1 
-13.851848742426244 6.472793982852729e-05 0 
-13.861164320082919 1.2177840554330571e-06 1 
-13.861618673785848 1.2093727230212424e-06 1 
-13.861471531055109 1.2164643370804468e-06 1 
-13.861531880032032 1.2077926037626867e-06 1 
-13.856387475160378 6.909165467372748e-05 0 
-13.86153476369766 1.1888439405908295e-06 1 
-13.861658548034638 1.180826187178242e-06 1 
-13.861536257594258 1.1825034072331942e-06 1 
-13.853227541722763 6.472793982852729e-05 0 
-13.861534286781682 1.1662239793125255e-06 1 
-13.861198233466581 1.1498078789127553e-06 1 
-13.861597608751635 1.1423061835050353e-06 1 
-13.86171772216882 1.1311843435639557e-06 1 
-13.856410189376781 6.909165467372748e-05 0 
-13.861422436508049 1.123973195351444e-06 1 
-13.861747316276615 1.116277903870301e-06 1 
-13.861793443396282 1.109724996134268e-06 1 
-13.861728388483325 1.1017590970225139e-06 1 
-13.861649878438733 1.0911153712765819e-06 1 
-13.861492430898348 1.0841330390945446e-06 1 
-13.861609926501009 1.0756359421701588e-06 1 
-13.861519070676009 1.062579458064192e-06 1 
-13.86141618760805 1.0315992396029306e-06 1 
-13.861439922760862 1.0440457834265707e-06 1 
-13.861723741135817 1.0498360604686562e-06 1 
-13.861713749976946 1.0376509515910967e-06 1 
-13.861455775104913 1.0313339593268497e-06 1 
-13.86147764778024 1.0189278787071033e-06 1 
-13.861761133917899 1.0128360668372133e-06 1 
-13.86118922961902 1.0163170917504762e-06 1 
-13.861048757982363 1.0075437322589912e-06 1 
-13.861305090657758 9.863005024492622e-07 1 
-13.861777747976356 9.932532222479975e-07 1 
-13.861688759387272 9.848718144335639e-07 1 
-13.86166883822204 9.66603600772376e-07 1 
-13.861528082535257 9.712127108384125e-07 1 
